"x" "y" "layer"
"6" -120.812992505414 35.2 91.8
"122" -120.812992505414 35.2 99.6
"123" -120.780423406935 35.2 95
"124" -120.747854308456 35.2 89.3
"125" -120.715285209978 35.2 91.8
"126" -120.682716111499 35.2 86.8
"242" -120.682716111499 35.1 80.2
"243" -120.65014701302 35.1 42.4
"359" -120.65014701302 35.1 83.5
"360" -120.617577914542 35.1 93.8
"476" -120.617577914542 35.1 102.8
"592" -120.617577914542 35.1 104.5
"707" -120.65014701302 35 108.7
"708" -120.617577914542 35 109.5
"823" -120.65014701302 35 108
"939" -120.65014701302 35 106.2
"1287" -120.65014701302 34.9 100.3
"1404" -120.617577914542 34.9 96.2
"1520" -120.617577914542 34.8 108.4
"1636" -120.617577914542 34.8 42.3
"1752" -120.617577914542 34.8 95.8
"1867" -120.65014701302 34.8 109.3
"1868" -120.617577914542 34.8 72.6
"1984" -120.617577914542 34.7 79.6
"2100" -120.617577914542 34.7 64.4
"2101" -120.585008816063 34.7 67.9
"2216" -120.617577914542 34.7 89.7
"2217" -120.585008816063 34.7 63.8
"2332" -120.617577914542 34.7 143.9
"2333" -120.585008816063 34.7 209.2
"2447" -120.65014701302 34.6 59.7
"2448" -120.617577914542 34.6 65.8
"2563" -120.65014701302 34.6 45
"2564" -120.617577914542 34.6 69.9
"2679" -120.65014701302 34.6 66.1
"2795" -120.65014701302 34.5 115.2
"2796" -120.617577914542 34.5 107.5
"2797" -120.585008816063 34.5 102.3
"2798" -120.552439717584 34.5 98.9
"2915" -120.519870619106 34.5 69.1
"2916" -120.487301520627 34.5 79
"3032" -120.487301520627 34.5 79.9
"3148" -120.487301520627 34.5 83.3
"3149" -120.454732422148 34.5 47.5
"3150" -120.42216332367 34.5 115.4
"3151" -120.389594225191 34.5 52.7
"3152" -120.357025126712 34.5 92.4
"3153" -120.324456028233 34.5 125.1
"3154" -120.291886929755 34.5 65
"3155" -120.259317831276 34.5 99.1
"3156" -120.226748732797 34.5 143.7
"3157" -120.194179634319 34.5 197.3
"3158" -120.16161053584 34.5 177.5
"3159" -120.129041437361 34.5 68.6
"3160" -120.096472338883 34.5 104.5
"3161" -120.063903240404 34.5 103.5
"3162" -120.031334141925 34.5 221
"3163" -119.998765043447 34.5 234.3
"3264" -120.487301520627 34.4 54
"3265" -120.454732422148 34.4 65.7
"3266" -120.42216332367 34.4 72.2
"3267" -120.389594225191 34.4 121.1
"3279" -119.998765043447 34.4 242.8
"3280" -119.966195944968 34.4 99.2
"3281" -119.933626846489 34.4 52.8
"3282" -119.90105774801 34.4 203.2
"3398" -119.90105774801 34.4 95.6
"3399" -119.868488649532 34.4 109.8
"3400" -119.835919551053 34.4 77.1
"3401" -119.803350452574 34.4 78.6
"3402" -119.770781354096 34.4 71.5
"3403" -119.738212255617 34.4 73.3
"3405" -119.67307405866 34.4 79.2
"3406" -119.640504960181 34.4 74.6
"3407" -119.607935861702 34.4 46.6
"3408" -119.575366763224 34.4 60.5
"3409" -119.542797664745 34.4 79.7
"3519" -119.738212255617 34.4 66.5
"3520" -119.705643157138 34.4 74.5
"3525" -119.542797664745 34.4 100.7
"3526" -119.510228566266 34.4 99.3
"3527" -119.477659467788 34.4 80.2
"3528" -119.445090369309 34.4 52.3
"3643" -119.477659467788 34.4 188.4
"3644" -119.445090369309 34.4 82.5
"3645" -119.41252127083 34.4 232.4
"3761" -119.41252127083 34.3 78.7
"3762" -119.379952172351 34.3 97.2
"3878" -119.379952172351 34.3 183.1
"3879" -119.347383073873 34.3 83.6
"3995" -119.347383073873 34.3 116.9
"3996" -119.314813975394 34.3 86.4
"3997" -119.282244876915 34.3 88.2
"4113" -119.282244876915 34.3 69.7
"4114" -119.249675778437 34.3 77.3
"4229" -119.282244876915 34.2 99.5
"4230" -119.249675778437 34.2 135.5
"4346" -119.249675778437 34.2 88.4
"4347" -119.217106679958 34.2 145.5
"4462" -119.249675778437 34.2 106.1
"4463" -119.217106679958 34.2 70
"4579" -119.217106679958 34.1 64.7
"4580" -119.184537581479 34.1 99.6
"4581" -119.151968483001 34.1 145.5
"4696" -119.184537581479 34.1 121.4
"4697" -119.151968483001 34.1 62.5
"4698" -119.119399384522 34.1 125.2
"4789" -119.933626846489 34.1 55.1
"4813" -119.151968483001 34.1 144
"4814" -119.119399384522 34.1 48.3
"4815" -119.086830286043 34.1 73.4
"4816" -119.054261187565 34.1 132.3
"4817" -119.021692089086 34.1 165.6
"4905" -119.933626846489 34.1 54.9
"4906" -119.90105774801 34.1 101.8
"4933" -119.021692089086 34.1 171.7
"4934" -118.989122990607 34.1 69
"4935" -118.956553892129 34.1 78.2
"5022" -119.90105774801 34 54.8
"5023" -119.868488649532 34 54.9
"5033" -119.542797664745 34 117.3
"5051" -118.956553892129 34 138
"5052" -118.92398479365 34 85.9
"5053" -118.891415695171 34 94.1
"5054" -118.858846596692 34 52.3
"5057" -118.761139301256 34 103.1
"5058" -118.728570202778 34 79.6
"5059" -118.696001104299 34 77.7
"5060" -118.66343200582 34 77.8
"5061" -118.630862907342 34 77.8
"5063" -118.565724710384 34 76.4
"5064" -118.533155611906 34 74.8
"5065" -118.500586513427 34 76.4
"5138" -119.90105774801 34 55
"5148" -119.575366763224 34 162.6
"5149" -119.542797664745 34 122.6
"5152" -119.445090369309 34 128.5
"5153" -119.41252127083 34 81.2
"5154" -119.379952172351 34 118.1
"5155" -119.347383073873 34 45.1
"5171" -118.826277498214 34 54.1
"5181" -118.500586513427 34 107.3
"5182" -118.468017414948 34 111.4
"5244" -120.226748732797 34 93.8
"5255" -119.868488649532 34 107.7
"5256" -119.835919551053 34 108
"5260" -119.705643157138 34 139.1
"5261" -119.67307405866 34 118.6
"5262" -119.640504960181 34 60.8
"5263" -119.607935861702 34 85.2
"5264" -119.575366763224 34 122.7
"5298" -118.468017414948 34 111.4
"5361" -120.194179634319 34 96.9
"5368" -119.966195944968 34 53.3
"5372" -119.835919551053 34 66.9
"5373" -119.803350452574 34 67.6
"5374" -119.770781354096 34 65.7
"5375" -119.738212255617 34 91.3
"5376" -119.705643157138 34 188.8
"5414" -118.468017414948 34 65
"5415" -118.435448316469 34 61.7
"5477" -120.194179634319 33.9 99.6
"5478" -120.16161053584 33.9 97.8
"5531" -118.435448316469 33.9 60.7
"5595" -120.129041437361 33.9 97.8
"5596" -120.096472338883 33.9 95.5
"5647" -118.435448316469 33.9 62.7
"5648" -118.402879217991 33.9 184.2
"5764" -118.402879217991 33.9 101.3
"5880" -118.402879217991 33.8 50.1
"5881" -118.370310119512 33.8 42
"5996" -118.402879217991 33.8 51.6
"6111" -118.435448316469 33.8 54.1
"6112" -118.402879217991 33.8 52.6
"6227" -118.435448316469 33.8 54.9
"6344" -118.402879217991 33.7 117.9
"6345" -118.370310119512 33.7 128.4
"6348" -118.272602824076 33.7 88.2
"6349" -118.240033725597 33.7 87.4
"6350" -118.207464627119 33.7 84.1
"6351" -118.17489552864 33.7 79.6
"6354" -118.077188233204 33.7 83.3
"6462" -118.337741021033 33.7 128.4
"6463" -118.305171922555 33.7 101.8
"6464" -118.272602824076 33.7 87.7
"6470" -118.077188233204 33.7 79.7
"6471" -118.044619134725 33.7 82.6
"6587" -118.044619134725 33.7 80.8
"6588" -118.012050036247 33.7 83
"6704" -118.012050036247 33.7 75
"6705" -117.979480937768 33.7 82.2
"6821" -117.979480937768 33.6 82.2
"6822" -117.946911839289 33.6 80.6
"6938" -117.946911839289 33.6 82.5
"6939" -117.91434274081 33.6 80.1
"6940" -117.881773642332 33.6 81.4
"7057" -117.849204543853 33.6 73.5
"7058" -117.816635445374 33.6 76
"7174" -117.816635445374 33.5 68.2
"7175" -117.784066346896 33.5 66.3
"7291" -117.784066346896 33.5 70
"7292" -117.751497248417 33.5 54.2
"7369" -119.021692089086 33.5 156.6
"7408" -117.751497248417 33.5 74.7
"7409" -117.718928149938 33.5 78.6
"7485" -119.021692089086 33.5 147.9
"7498" -118.598293808863 33.5 59.2
"7499" -118.565724710384 33.5 93.2
"7525" -117.718928149938 33.5 74.3
"7526" -117.68635905146 33.5 61.4
"7614" -118.598293808863 33.4 263.5
"7615" -118.565724710384 33.4 140.1
"7616" -118.533155611906 33.4 76.6
"7617" -118.500586513427 33.4 55.3
"7642" -117.68635905146 33.4 43
"7643" -117.653789952981 33.4 56.4
"7644" -117.621220854502 33.4 51.7
"7732" -118.533155611906 33.4 76.2
"7733" -118.500586513427 33.4 80.5
"7734" -118.468017414948 33.4 83.9
"7735" -118.435448316469 33.4 68.4
"7736" -118.402879217991 33.4 51.3
"7737" -118.370310119512 33.4 113.4
"7760" -117.621220854502 33.4 51.6
"7849" -118.500586513427 33.4 94.6
"7850" -118.468017414948 33.4 71
"7853" -118.370310119512 33.4 124.8
"7877" -117.588651756024 33.4 52.4
"7965" -118.500586513427 33.4 74.2
"7966" -118.468017414948 33.4 119.3
"7969" -118.370310119512 33.4 135.6
"7970" -118.337741021033 33.4 62.6
"7994" -117.556082657545 33.4 55.2
"7995" -117.523513559066 33.4 60.8
"8081" -118.500586513427 33.3 64.9
"8082" -118.468017414948 33.3 73.7
"8086" -118.337741021033 33.3 86.7
"8087" -118.305171922555 33.3 64.1
"8111" -117.523513559066 33.3 52.5
"8112" -117.490944460588 33.3 61.9
"8203" -118.305171922555 33.3 140.8
"8228" -117.490944460588 33.3 52.5
"8229" -117.458375362109 33.3 52.2
"8345" -117.458375362109 33.3 48.6
"8461" -117.458375362109 33.3 51.4
"8462" -117.42580626363 33.3 50.9
"8578" -117.42580626363 33.2 48.2
"8579" -117.393237165151 33.2 50.3
"8695" -117.393237165151 33.2 41
"8928" -117.360668066673 33.1 218.2
"8929" -117.328098968194 33.1 222.2
"9045" -117.328098968194 33.1 184.5
"9161" -117.328098968194 33.1 166.9
"9162" -117.295529869715 33.1 198.9
"9278" -117.295529869715 33.1 198.9
"9394" -117.295529869715 33 189.6
"9510" -117.295529869715 33 209.2
"9511" -117.262960771237 33 212.9
"9627" -117.262960771237 33 122.6
"9743" -117.262960771237 33 195.7
"9859" -117.262960771237 32.9 146.3
"9975" -117.262960771237 32.9 205.7
"9976" -117.230391672758 32.9 195.7
"10091" -117.262960771237 32.9 195.7
"10092" -117.230391672758 32.9 202.2
"10169" -118.500586513427 32.8 47.6
"10207" -117.262960771237 32.8 39.7
"10289" -118.370310119512 32.8 53
