id np ll boot p1 p2 nu1 nu2 T1 T2 theta
870742 4 -68816.6954200712 CA.s.Mex_100.sfs CA.s Mex [2.099e+01 0.001432 3.944 4.285e-03] 74796.19266025
856843 4 -69131.9635086957 CA.s.Mex_11.sfs CA.s Mex [2.611e+01 0.001014 4.81 3.326e-03] 64388.710598944
860874 4 -69014.3319163116 CA.s.Mex_12.sfs CA.s Mex [4.378e+01 0.001652 9.487 5.369e-03] 35700.4865532398
121853 4 -69139.9839310177 CA.s.Mex_14.sfs CA.s Mex [2.100e+01 0.001048 4.519 3.251e-03] 68595.3807582345
952498 4 -69214.2592504142 CA.s.Mex_2.sfs CA.s Mex [7.280e+01 0.001023 12.27 3.930e-03] 28291.4474146511
325187 4 -69260.5210805084 CA.s.Mex_20.sfs CA.s Mex [3.581e+01 0.001519 8.289 4.837e-03] 40755.7920171096
862290 4 -69340.8643134392 CA.s.Mex_21.sfs CA.s Mex [8.650e+01 0.001046 1.258 4.030e-03] 153430.864600865
347425 4 -68946.0746615408 CA.s.Mex_22.sfs CA.s Mex [2.207e+01 0.001094 4.803 3.412e-03] 65401.1208814368
879874 4 -69291.7795267091 CA.s.Mex_23.sfs CA.s Mex [1.739e+01 0.001117 5.032 3.045e-03] 62731.520801444
737876 4 -69318.4325321095 CA.s.Mex_26.sfs CA.s Mex [7.934e+01 0.001021 2.493 4.185e-03] 102329.259774454
984305 4 -68951.5451165058 CA.s.Mex_28.sfs CA.s Mex [5.533e+01 0.001011 1.602 3.770e-03] 133907.659391752
375657 4 -69220.5603964281 CA.s.Mex_3.sfs CA.s Mex [4.036e+01 0.001057 1.749 3.800e-03] 127942.386302051
815864 4 -69151.6570234497 CA.s.Mex_31.sfs CA.s Mex [4.359e+01 0.001771 9.637 5.760e-03] 35508.4221714483
208106 4 -69357.8925152527 CA.s.Mex_33.sfs CA.s Mex [3.467e+01 0.001336 4.102 4.648e-03] 71901.1864369436
609970 4 -69216.8932817157 CA.s.Mex_34.sfs CA.s Mex [4.560e+01 0.001026 12.27 3.406e-03] 28861.1468414032
131695 4 -69338.9755788673 CA.s.Mex_36.sfs CA.s Mex [9.067e+01 0.001004 2.066 4.065e-03] 114245.896611759
75602 4 -69345.5158585421 CA.s.Mex_37.sfs CA.s Mex [3.125e+01 0.001007 6.021 3.409e-03] 53772.3512186487
357677 4 -69364.2558019775 CA.s.Mex_44.sfs CA.s Mex [4.771e+01 0.001263 7.912 4.480e-03] 41748.067056092
565553 4 -69007.0064130384 CA.s.Mex_45.sfs CA.s Mex [7.043e+01 0.001004 1.233 3.736e-03] 153739.604107838
28225 4 -69361.2771174345 CA.s.Mex_46.sfs CA.s Mex [5.492e+01 0.001045 1.617 3.942e-03] 134588.247488494
135480 4 -69162.8878467341 CA.s.Mex_47.sfs CA.s Mex [1.307e+01 0.00102 1.586 2.914e-03] 138144.457685253
694482 4 -69051.4617045967 CA.s.Mex_5.sfs CA.s Mex [1.762e+01 0.001151 1.696 3.525e-03] 132390.84014951
676250 4 -69342.5042863468 CA.s.Mex_51.sfs CA.s Mex [2.494e+01 0.001038 8.273 2.923e-03] 41252.9527282853
423917 4 -69338.7157480514 CA.s.Mex_52.sfs CA.s Mex [3.186e+01 0.001507 5.954 4.890e-03] 53809.8617900437
503465 4 -69304.7664205722 CA.s.Mex_54.sfs CA.s Mex [2.646e+01 0.001007 2.866 3.400e-03] 93447.0939232452
991774 4 -69049.5987274042 CA.s.Mex_55.sfs CA.s Mex [7.203e+01 0.001544 4.362 6.123e-03] 67915.3746675076
906717 4 -68990.032926691 CA.s.Mex_56.sfs CA.s Mex [6.757e+01 0.001719 22.52 5.290e-03] 16337.6921377059
648069 4 -69111.8263411143 CA.s.Mex_57.sfs CA.s Mex [1.894e+01 0.001021 4.995 2.960e-03] 63352.0920421117
273037 4 -69356.7573060202 CA.s.Mex_59.sfs CA.s Mex [1.930e+01 0.00143 5.118 3.979e-03] 61741.3978381607
966867 4 -69259.4012728499 CA.s.Mex_63.sfs CA.s Mex [7.481e+01 0.001028 2.609 4.195e-03] 99296.9684763439
485459 4 -69216.6515970236 CA.s.Mex_64.sfs CA.s Mex [5.034e+01 0.00102 9.812 3.682e-03] 35001.6546597887
880946 4 -69234.9123815191 CA.s.Mex_66.sfs CA.s Mex [4.096e+01 0.001037 4.94 3.851e-03] 62605.402679468
583844 4 -69359.7686056638 CA.s.Mex_68.sfs CA.s Mex [1.231e+01 0.00104 2.559 2.818e-03] 103574.129536994
292728 4 -69299.2099420698 CA.s.Mex_69.sfs CA.s Mex [1.734e+01 0.001198 2.164 3.603e-03] 113710.999809307
813556 4 -69200.0978454016 CA.s.Mex_71.sfs CA.s Mex [4.887e+01 0.001033 1.282 3.670e-03] 150528.74605857
5596 4 -69376.2504812468 CA.s.Mex_72.sfs CA.s Mex [5.755e+01 0.001167 14.93 4.025e-03] 24206.7046428376
241229 4 -68997.9084258104 CA.s.Mex_73.sfs CA.s Mex [2.819e+01 0.001467 5.837 4.620e-03] 55066.2177989475
707457 4 -69032.5261455484 CA.s.Mex_77.sfs CA.s Mex [6.487e+01 0.001005 8.169 3.960e-03] 40624.8024164479
628688 4 -69007.1955128076 CA.s.Mex_78.sfs CA.s Mex [2.812e+01 0.001024 8.863 3.006e-03] 38816.3344221457
360648 4 -69170.4127608113 CA.s.Mex_79.sfs CA.s Mex [1.887e+01 0.00102 3.561 3.135e-03] 81742.7593833253
50082 4 -68845.4261746246 CA.s.Mex_80.sfs CA.s Mex [2.215e+01 0.001292 2.269 4.121e-03] 110094.31203339
553343 4 -69363.1859209828 CA.s.Mex_81.sfs CA.s Mex [1.661e+01 0.001046 1.516 3.141e-03] 140020.786705601
548795 4 -69235.3035378316 CA.s.Mex_83.sfs CA.s Mex [1.451e+01 0.001042 3.823 2.829e-03] 78019.740199247
252776 4 -69369.4215951159 CA.s.Mex_84.sfs CA.s Mex [6.686e+01 0.001144 1.455 4.286e-03] 141312.746944253
265524 4 -69179.9115924576 CA.s.Mex_87.sfs CA.s Mex [4.252e+01 0.001153 8.809 3.944e-03] 38410.8862990252
207379 4 -69174.8198983054 CA.s.Mex_88.sfs CA.s Mex [3.616e+01 0.001013 3.371 3.660e-03] 82873.1729902727
972203 4 -69209.5866416006 CA.s.Mex_90.sfs CA.s Mex [1.470e+01 0.001027 3.405 2.888e-03] 85067.8142659276
839104 4 -69175.3298791265 CA.s.Mex_93.sfs CA.s Mex [1.407e+01 0.001009 4.526 2.626e-03] 69384.0189466328
444141 4 -69329.6462927187 CA.s.Mex_97.sfs CA.s Mex [8.037e+01 0.00122 1.803 4.777e-03] 125275.25937116
658963 4 -69297.5122357072 CA.s.Mex_98.sfs CA.s Mex [4.543e+01 0.001554 10.48 5.115e-03] 33013.6022082652
